- retrained_test_r2: 0.8911267237079791
  retrained_test_rmse: 24639.783218355307
  retrained_train_r2: 0.9631061316781879
  retrained_train_rmse: 11141.531382057414
  test_r2: 0.8823036868395833
  test_rmse: 25142.635937097253
  timestamp: '2025-03-15 16:40:50'
  train_r2: 0.9442216977237137
  train_rmse: 11727.927770586752
- retrained_test_r2: 0.8911267237079791
  retrained_test_rmse: 24639.783218355307
  retrained_train_r2: 0.9631061316781879
  retrained_train_rmse: 11141.531382057414
  test_r2: 0.8823036868395833
  test_rmse: 25142.635937097253
  timestamp: '2025-03-17 18:27:16'
  train_r2: 0.9442216977237137
  train_rmse: 11727.927770586752
